<?xml version="1.0"?>
<opencv_storage>
<intrinsic type_id="opencv-matrix">
  <rows>3</rows>
  <cols>3</cols>
  <dt>f</dt>
  <data>
    4.5727591503871372e+02 0. 3.1950000000000000e+02 0.
    4.5727591503871372e+02 2.3950000000000000e+02 0. 0. 1.</data></intrinsic>
</opencv_storage>
